estate 1 14 1 4 300 40000 小别墅
estate 2 0 2 4 300 40000 小别墅
estate 3 0 3 4 300 40000 小别墅
estate 4 0 4 4 300 40000 小别墅
estate 5 0 1 2 40 5000 四合院
estate 6 0 2 20 400 60000 空中楼阁
estate 7 0 2 40 400 60000 空中楼阁
estate 8 0 2 60 400 60000 空中楼阁
estate 9 0 2 80 400 60000 空中楼阁
estate 10 0 2 100 400 60000 空中楼阁
estate 11 0 1 1 5 100 经济适用房
estate 12 0 1 2 5 100 经济适用房
estate 13 0 1 3 5 100 经济适用房
estate 14 0 1 4 5 100 经济适用房
estate 15 0 1 5 5 100 经济适用房
estate 16 0 1 6 5 100 经济适用房
estate 17 0 1 7 5 100 经济适用房
estate 18 0 1 8 5 100 经济适用房
estate 19 0 1 9 5 100 经济适用房
estate 20 0 1 10 5 100 经济适用房
